@@UNKNOWN@@
1
11
3
15
4
18
2
12
25
9
24
34
36
<START>
<END>
82
16
0
57
37
28
23
21
35
31
26
32
61
8
20
55
64
39
10
46
17
5
43
22
91
30
29
109
13
58
50
72
33
54
48
45
67
80
78
19
63
47
44
95
53
14
106
77
83
62
76
52
65
7
115
40
42
6
74
68
75
147
27
125
87
112
86
92
41
98
131
66
38
89
120
69
104
79
49
101
105
51
103
59
102
139
71
161
96
111
70
137
123
114
81
133
166
121
124
99
84
100
122
56
143
135
88
142
97
144
73
146
138
94
141
140
113
110
153
107
90
156
116
154
119
160
132
129
151
85
127
150
130
117
134
163
162
108
169
148
128
185
170
171
126
136
172
149
118
157
145
158
176
174
155
173
168
180
181
179
182
165
177
187
60
167
93
178
191
164
190
152
159
184
186
195
183
193
198
197
192
196
189
202
175
199
188
200
203
@@MASK@@
