@@UNKNOWN@@
210
253
215
251
155
221
258
259
153
<START>
<END>
208
300
236
209
290
199
249
198
232
220
255
207
252
402
154
156
342
266
166
169
246
231
202
296
359
384
371
308
317
163
270
279
234
267
172
168
170
293
240
245
167
294
239
292
373
326
305
214
344
222
322
405
229
272
406
216
370
303
304
268
362
327
282
269
212
349
233
165
348
377
375
205
244
367
341
201
325
248
380
16
376
250
307
158
230
391
211
228
360
404
334
366
372
407
204
213
393
273
274
242
157
316
335
206
171
254
271
188
332
256
382
194
177
340
219
175
383
365
195
314
283
295
160
387
357
289
200
374
265
275
394
260
330
385
306
235
189
284
187
363
190
312
6
281
285
182
217
181
247
351
237
337
173
164
192
241
186
339
63
225
183
179
386
1
333
185
193
276
2
361
336
310
15
311
99
30
320
178
262
353
14
379
257
338
346
13
126
345
398
396
196
381
152
197
287
184
29
227
5
174
364
81
329
403
401
159
318
324
37
328
280
87
392
176
354
408
224
261
291
105
71
358
319
297
390
69
76
309
84
74
72
313
369
3
321
223
191
58
132
32
21
161
127
10
389
23
278
109
19
180
114
123
62
51
98
162
59
143
111
277
80
119
56
343
11
8
26
238
83
47
397
103
17
65
66
4
298
347
368
7
243
0
352
323
110
121
41
18
139
70
286
73
96
355
25
22
42
61
400
9
82
135
75
34
112
144
129
299
288
55
331
130
108
40
124
148
48
85
89
141
54
101
122
302
86
136
100
116
35
150
67
203
36
146
39
128
45
24
218
399
94
350
38
104
43
49
28
44
142
27
93
147
118
57
79
68
50
315
92
395
60
77
145
46
53
131
88
33
78
90
151
388
102
226
106
149
137
95
356
115
301
31
264
52
140
138
263
378
97
113
@@MASK@@
