@@UNKNOWN@@
6011
5411
4814
<START>
<END>
4829
6010
5499
5541
5912
5331
5812
5814
5999
5921
5977
5311
5964
5691
5983
5211
5200
8999
5661
5533
7311
7995
5735
5641
5651
6012
4812
4112
5945
5722
5941
5261
4900
5732
5699
7399
5995
7994
5942
5712
5813
5621
4816
8099
7832
5399
5943
4511
5992
6051
5944
7011
6536
7230
4121
5251
5300
5655
3000
5511
4111
5947
5631
4789
5719
4722
5734
7997
8021
7523
7542
7538
7298
8043
5948
5714
7999
5611
7922
4784
9399
5441
6211
8641
4899
5462
5451
5422
7299
5309
5542
8011
6300
5949
5811
5993
7993
5681
5231
5532
5045
5931
8398
5816
4215
5994
3501
9222
5946
5968
5013
5950
5039
5967
7991
5122
7372
8062
8071
7841
7933
7273
4131
5192
742
5099
5310
8299
7221
5193
7996
5713
5970
5065
5976
7216
7512
5965
5074
5094
5940
9311
5111
5085
5733
7699
7278
5137
5599
7375
4214
1799
5072
5571
5199
5172
4411
7210
7395
5169
5131
8699
1711
7338
5969
5044
7932
1731
5047
8220
9211
9402
5971
7531
7629
3351
8244
7829
5697
2741
6513
@@MASK@@
