@@UNKNOWN@@
158
244
198
196
163
168
203
242
<START>
<END>
245
204
156
148
119
182
103
151
232
101
147
191
155
178
167
116
322
177
190
180
337
209
185
213
117
252
298
102
222
261
197
111
235
184
121
238
234
312
210
175
157
152
194
270
118
114
212
268
189
211
215
113
286
301
341
316
290
246
16
289
153
115
179
248
164
174
318
314
169
315
200
269
283
150
176
160
162
106
306
216
310
187
195
305
236
217
159
339
311
237
340
309
166
124
193
104
284
105
260
247
321
161
328
258
214
243
120
181
165
320
143
144
304
330
342
132
126
149
218
186
0
251
282
137
231
256
276
296
52
273
83
266
154
205
125
227
108
325
130
228
277
192
109
331
68
279
138
100
224
275
226
294
299
4
122
313
57
142
208
183
323
254
15
127
136
302
133
201
139
225
324
287
112
128
263
54
25
63
250
173
14
82
46
42
1
28
338
75
146
73
292
329
71
134
255
107
280
55
3
267
135
141
230
229
30
17
145
44
41
303
8
332
11
22
19
249
6
262
123
278
131
7
221
97
43
47
62
300
171
188
334
335
66
74
34
336
13
317
172
18
297
33
2
5
87
327
110
12
271
319
10
91
343
31
23
307
93
36
24
239
326
77
140
199
90
293
39
129
281
40
85
288
45
223
99
50
291
264
170
20
38
240
233
9
84
65
206
32
53
76
202
308
81
69
265
59
80
96
49
94
220
285
92
88
60
89
95
21
72
86
37
257
78
64
333
253
259
241
51
56
35
58
274
26
70
219
98
272
67
207
61
79
48
295
@@MASK@@
