@@UNKNOWN@@
123
19
55
21
122
60
64
93
53
<START>
<END>
91
89
121
94
115
52
107
76
45
116
178
44
74
139
63
72
71
162
87
124
23
18
8
48
83
101
97
84
78
161
120
144
69
79
20
171
98
54
90
154
100
125
99
14
117
129
49
134
130
73
47
70
61
4
7
9
103
82
15
167
86
168
137
147
17
149
104
164
81
68
16
156
150
22
165
182
138
57
58
105
50
56
127
166
126
176
88
59
160
65
118
175
46
75
119
180
106
62
12
27
102
25
95
169
141
36
24
92
170
6
159
110
145
10
135
155
42
158
41
80
34
133
114
51
109
163
174
29
31
112
132
181
108
146
32
152
33
136
35
67
85
142
177
40
38
96
2
37
30
11
13
143
131
153
43
39
0
66
28
157
183
113
148
140
151
1
26
179
5
3
128
172
77
111
173
@@MASK@@
