@@UNKNOWN@@
210
253
215
251
155
221
258
259
153
<START>
<END>
208
300
236
209
290
199
249
198
232
220
255
252
207
402
154
156
266
342
166
169
246
202
231
296
359
371
384
308
317
163
270
279
234
267
172
170
168
293
240
245
167
294
239
292
373
326
305
214
344
222
322
405
229
272
406
216
303
370
304
268
362
327
282
269
212
349
165
233
348
377
375
205
244
367
341
325
201
248
380
16
376
250
158
307
230
211
391
360
228
404
366
334
372
407
204
213
393
273
274
242
157
316
335
206
171
271
254
188
332
256
382
194
177
219
175
340
383
365
195
314
283
295
387
160
200
289
357
394
275
374
265
330
260
385
306
189
235
187
284
363
190
312
6
281
217
285
182
181
247
351
237
337
173
164
192
241
186
339
63
225
179
183
1
386
185
333
276
2
193
311
361
336
310
320
15
99
30
178
262
353
379
398
257
396
14
126
338
345
346
381
13
196
152
197
227
184
287
5
174
364
329
81
159
318
29
403
401
324
328
37
354
392
87
176
408
280
105
319
291
71
309
261
84
390
358
313
224
76
297
3
69
72
321
74
191
369
223
21
58
127
132
161
10
32
278
389
51
180
23
62
98
59
80
277
56
114
109
19
111
162
123
143
83
238
8
343
11
26
397
103
119
65
47
323
243
66
17
0
41
4
7
347
352
298
286
110
70
25
121
42
96
18
135
139
73
355
61
22
9
82
368
400
34
75
112
129
144
130
331
141
40
288
55
48
124
122
89
299
108
100
148
136
116
302
101
85
86
54
35
150
36
203
399
146
45
67
350
142
27
94
60
24
46
147
79
218
44
145
39
57
128
226
68
38
53
131
301
49
395
104
50
28
93
118
77
92
88
43
315
102
95
33
90
151
137
149
52
106
356
78
388
31
115
263
378
140
264
138
113
@@MASK@@
